1 0 0 0.04165 0 1 0 0.02326 0 0 1 -0.0284
0.999951 -0.00978897 -0.00141082 0.0308333 0.0097888 0.999952 -0.000125746 -0.0100952 0.00141199 0.00011193 0.999999 -0.0168194
0.999894 -0.0145087 -0.000844129 0.0261554 0.0145079 0.999894 -0.000960542 -0.0167151 0.000857976 0.000948194 0.999999 -0.00757782
0.999749 -0.0212428 -0.00705649 0.0303925 0.0212326 0.999773 -0.00150821 0.00487219 0.00708693 0.00135801 0.999974 -0.0184257
0.999642 -0.0253365 -0.00860508 0.0280985 0.0253651 0.999673 0.00322484 0.00723414 0.00852056 -0.00344195 0.999958 -0.016302
0.999481 -0.0315251 -0.00659834 0.0374866 0.0315529 0.999493 0.0041492 -0.00284188 0.00646419 -0.00435524 0.99997 -0.0130133
0.999185 -0.0385998 -0.0118291 0.0315708 0.038558 0.999249 -0.00373687 -0.00654679 0.0119645 0.00327772 0.999923 -0.0132376
0.998876 -0.0416641 -0.0226191 0.0213352 0.0413256 0.99903 -0.0152302 0.000268205 0.0232318 0.0142783 0.999628 -0.00131038
0.998941 -0.0424211 -0.0178013 0.0267893 0.0422312 0.999048 -0.0109088 -0.00199121 0.0182471 0.0101454 0.999782 -0.00172264
0.99915 -0.0405477 -0.0073749 0.0317318 0.0405024 0.99916 -0.00618709 -0.00356453 0.00761958 0.00588313 0.999954 -0.0097466
0.999296 -0.0356578 -0.0116992 0.0299299 0.0355277 0.999307 -0.0111456 -0.00504141 0.0120885 0.0107221 0.999869 -0.0127234
0.999503 -0.0302198 -0.00900781 0.0293061 0.0301445 0.99951 -0.00838521 0.00314986 0.0092568 0.00810951 0.999924 -0.00380335
0.999711 -0.0220302 -0.00958963 0.0349041 0.0219208 0.999695 -0.011366 0.000404159 0.0098371 0.0111525 0.999889 0.00238515
0.999932 -0.0100343 -0.00593884 0.0400214 0.00994903 0.999849 -0.0142196 -0.00703018 0.00608063 0.0141595 0.999881 -0.00323435
0.999979 0.00177258 -0.00626723 0.0364735 -0.00193129 0.999675 -0.0254094 -0.000856892 0.00622016 0.0254209 0.999657 -0.00614838
0.999714 0.0232882 0.00543013 0.0402018 -0.0230858 0.999129 -0.0347559 0.00375196 -0.00623481 0.0346206 0.999381 -0.0164188
0.998637 0.0424087 0.030432 0.0414215 -0.0413998 0.998596 -0.0330504 0.000220122 -0.0317909 0.0317455 0.99899 -0.0212718
0.998429 0.0520631 0.0206894 0.0363071 -0.0514965 0.998307 -0.0270361 -0.00871421 -0.0220619 0.0259282 0.99942 -0.0209055
0.996701 0.0798144 -0.0147378 0.0420274 -0.0799648 0.996748 -0.00991437 -0.012898 0.0138986 0.0110602 0.999842 -0.00989697
0.993411 0.111827 -0.025094 0.0544536 -0.112169 0.993608 -0.0126787 -0.00631491 0.0235158 0.0154099 0.999605 0.00654509
0.991955 0.126571 -0.00229805 0.0591893 -0.126585 0.991558 -0.0280893 0.00155839 -0.00127664 0.0281542 0.999603 -0.00297098
0.99033 0.138734 -0.000205526 0.050145 -0.138532 0.98881 -0.0553446 0.0232915 -0.00747493 0.0548379 0.998467 -0.0254383
0.989032 0.147102 -0.0133075 0.0454217 -0.147615 0.987522 -0.0548638 0.0243484 0.00507084 0.0562265 0.998405 -0.043704
0.985905 0.166299 -0.0183506 0.042263 -0.166972 0.98494 -0.0448654 0.0133407 0.0106131 0.0472971 0.998824 -0.0252305
0.985433 0.169846 -0.00860434 0.0491848 -0.170029 0.984992 -0.0296773 0.0103438 0.00343462 0.030708 0.999522 -0.0196772
0.982185 0.186283 0.0247354 0.0652052 -0.186083 0.982482 -0.010155 0.0188761 -0.0261938 0.00537124 0.999642 -0.0319851
0.980883 0.18673 0.054773 0.0892701 -0.18681 0.982389 -0.00370291 0.0334108 -0.0544998 -0.0066 0.998492 -0.0368624
0.979224 0.183879 0.0854878 0.0920472 -0.184868 0.982756 0.00373428 0.0178596 -0.083327 -0.0194607 0.996332 -0.0246525
0.979375 0.184675 0.0819781 0.0896453 -0.18553 0.982634 0.00287228 0.00918449 -0.0800241 -0.0180225 0.99663 -0.0135362
0.978694 0.199043 0.0504055 0.0893213 -0.199699 0.979822 0.00829391 0.017483 -0.0477376 -0.0181831 0.998694 -0.0233904
0.981234 0.19267 0.00763471 0.0830953 -0.192817 0.980699 0.0324141 0.0320085 -0.00124212 -0.033278 0.999445 -0.0315942
0.975179 0.221251 -0.00864004 0.081266 -0.220484 0.973903 0.053854 0.0494936 0.0203298 -0.0506123 0.998511 -0.0205845
0.968189 0.250218 -0.00049858 0.0934941 -0.250163 0.968017 0.0190055 0.0487503 0.00523814 -0.0182762 0.999819 -0.00563866
0.965304 0.259189 0.031766 0.104193 -0.259643 0.965641 0.011055 0.027752 -0.0278093 -0.0189193 0.999434 -0.00134295
0.963084 0.258349 0.0756667 0.10366 -0.262988 0.962966 0.059448 0.00584143 -0.0575061 -0.0771528 0.995359 -0.013994
0.961748 0.266398 0.0638138 0.10445 -0.271855 0.956838 0.102742 0.0347575 -0.0336891 -0.11616 0.992659 -0.013318
0.965155 0.258706 0.0393284 0.104844 -0.261384 0.960242 0.0980501 0.0539964 -0.0123987 -0.104913 0.994404 -0.0102344
0.961626 0.267188 0.0623434 0.109433 -0.272228 0.957483 0.0954928 0.0544955 -0.0341782 -0.1088 0.993476 -0.00631299
0.953312 0.287462 0.0925304 0.107044 -0.298548 0.943234 0.145529 0.0431521 -0.0454438 -0.166359 0.985017 -0.00727354
0.959202 0.263278 0.103038 0.107213 -0.276866 0.948525 0.15377 0.0455921 -0.0572502 -0.176025 0.98272 -0.0180688
0.976559 0.188621 0.103699 0.119016 -0.20123 0.971043 0.128771 0.0452394 -0.0764075 -0.146619 0.986238 -0.0145808
0.986488 0.141039 0.0833633 0.122958 -0.151112 0.97988 0.130387 0.0446477 -0.0632965 -0.141222 0.987952 -0.0120916
0.992816 0.114608 0.0343733 0.123933 -0.118289 0.983369 0.137816 0.0602166 -0.0180067 -0.140892 0.989861 -0.0212937
0.997563 0.0639803 0.0278318 0.112379 -0.0664004 0.993057 0.0971029 0.0645436 -0.0214259 -0.0987143 0.994885 -0.0193465
0.996268 0.0633287 0.0586424 0.11652 -0.0664969 0.996338 0.0537478 0.0647572 -0.0550239 -0.0574467 0.996831 -0.00896171
0.995263 0.0741922 0.0628204 0.119671 -0.0775925 0.995547 0.0535363 0.0648576 -0.0585687 -0.0581571 0.996588 0.0113816
0.992762 0.103003 0.0617498 0.129068 -0.106723 0.992457 0.0603212 0.0685981 -0.0550708 -0.0664748 0.996267 0.0036501
0.994857 0.0901896 0.0460956 0.148172 -0.0918235 0.995172 0.0346457 0.088014 -0.0427484 -0.0387002 0.998336 -0.0164474
0.996948 0.0604509 0.0494053 0.158728 -0.0584773 0.997468 -0.0404629 0.106332 -0.0517262 0.0374503 0.997959 -0.0250053
0.99371 0.0721899 0.0856043 0.167274 -0.0670955 0.995882 -0.0609681 0.110728 -0.0896531 0.054841 0.994462 -0.0159336
0.983047 0.123907 0.13515 0.182518 -0.122165 0.992285 -0.0211397 0.128627 -0.136727 0.00427063 0.9906 -0.0178127
0.983536 0.120156 0.134976 0.194157 -0.120603 0.992689 -0.00488888 0.130804 -0.134577 -0.0114701 0.990837 -0.0247116
0.981734 0.150988 0.115765 0.196584 -0.155377 0.987405 0.029822 0.147512 -0.109805 -0.0472645 0.992829 -0.0186342
0.98416 0.163491 0.068559 0.18784 -0.168255 0.983208 0.0706517 0.16036 -0.0558569 -0.0810679 0.995142 -0.0135751
0.985561 0.159077 0.0579942 0.178265 -0.163436 0.983275 0.080361 0.169972 -0.0442407 -0.088679 0.995077 -0.00235952
0.985263 0.165662 0.0425825 0.179796 -0.167938 0.984149 0.0569924 0.170074 -0.032466 -0.0633037 0.997466 -0.00853467
0.983655 0.176375 0.0362478 0.180717 -0.177967 0.982926 0.0467445 0.160979 -0.0273844 -0.0524314 0.998249 -0.0115879
0.983149 0.179243 0.0359147 0.187139 -0.181135 0.981678 0.0591394 0.159227 -0.0246564 -0.0646483 0.997603 -0.0194706
0.981806 0.186881 0.0336536 0.191944 -0.188743 0.979868 0.0650695 0.164057 -0.0208158 -0.0702375 0.997313 -0.016716
0.984006 0.173422 0.040694 0.195372 -0.174612 0.984246 0.027742 0.155617 -0.0352418 -0.034404 0.998786 -0.0183194
0.985528 0.163171 0.0459371 0.199231 -0.163598 0.986511 0.00566596 0.152992 -0.0443929 -0.0130992 0.998928 -0.0275359
0.985498 0.164407 0.0419986 0.207441 -0.164574 0.986365 0.000520058 0.153516 -0.0413404 -0.0074244 0.999118 -0.0271168
0.986589 0.157391 0.0432372 0.219001 -0.156427 0.987376 -0.0248736 0.145668 -0.0466063 0.0177766 0.998755 -0.0290976
0.984449 0.169329 0.0467786 0.222314 -0.167655 0.985125 -0.0376849 0.142075 -0.052464 0.0292562 0.998194 -0.0312671
0.983384 0.1781 0.0351624 0.225432 -0.176279 0.983097 -0.0494631 0.141464 -0.0433774 0.0424428 0.998157 -0.0306443
0.982086 0.186924 0.023798 0.224902 -0.185886 0.981749 -0.0402013 0.13978 -0.0308783 0.0350575 0.998908 -0.0319841
0.983112 0.176011 0.0501082 0.225669 -0.173009 0.98315 -0.0590259 0.157951 -0.0596531 0.0493599 0.996998 -0.0214777
0.981194 0.182127 0.0639406 0.230383 -0.177348 0.981374 -0.0738463 0.166665 -0.076199 0.0611178 0.995218 -0.0177672
0.975565 0.205665 0.0772945 0.235235 -0.202252 0.978069 -0.0497452 0.149912 -0.0858302 0.0328967 0.995767 -0.0312179
0.981948 0.181836 0.0520871 0.23735 -0.18003 0.982945 -0.0375309 0.140081 -0.0580232 0.0274761 0.997937 -0.0369221
0.984004 0.177095 0.0193016 0.230012 -0.175935 0.983092 -0.0507605 0.148835 -0.0279647 0.0465527 0.998524 -0.0276573
0.987311 0.158094 0.0149606 0.227505 -0.156399 0.984376 -0.0808878 0.170792 -0.0275147 0.0775216 0.996611 -0.0195541
0.98737 0.155522 0.0302305 0.226885 -0.152452 0.984573 -0.0858771 0.171676 -0.0431199 0.0801837 0.995847 -0.0306481
0.987811 0.154038 0.0223939 0.22979 -0.151309 0.983993 -0.0941419 0.156335 -0.0365369 0.0896061 0.995307 -0.0275848
0.988539 0.150909 0.00417795 0.225084 -0.149529 0.982562 -0.110509 0.143839 -0.0207818 0.108617 0.993866 -0.0249188
0.987608 0.156651 -0.00949562 0.224522 -0.156701 0.980982 -0.114538 0.153188 -0.00862736 0.114606 0.993374 -0.0202334
0.988364 0.151189 -0.0167094 0.2168 -0.152109 0.982625 -0.10635 0.16754 0.000340244 0.107654 0.994188 -0.020552
0.990584 0.13274 -0.0335243 0.217312 -0.135476 0.985708 -0.100128 0.159374 0.0197541 0.103727 0.99441 -0.021646
0.990821 0.12752 -0.0448693 0.216892 -0.13212 0.98373 -0.121738 0.157119 0.0286153 0.126549 0.991548 -0.0229057
0.988649 0.1337 -0.0685355 0.216263 -0.142693 0.978366 -0.149795 0.162107 0.0470252 0.157875 0.986339 -0.0242818
0.989186 0.125636 -0.0756726 0.212105 -0.136406 0.977658 -0.15993 0.153111 0.053889 0.168523 0.984223 -0.020559
0.990797 0.114395 -0.0723571 0.214653 -0.124613 0.979611 -0.15759 0.154273 0.0528542 0.165156 0.98485 -0.0218603
0.990463 0.120892 -0.0660976 0.219203 -0.129458 0.980762 -0.146102 0.148716 0.0471634 0.153266 0.987059 -0.0299932
0.988412 0.129005 -0.0800009 0.225192 -0.139267 0.980334 -0.139821 0.157848 0.06039 0.149342 0.98694 -0.0314294
0.986985 0.132937 -0.0904924 0.216439 -0.144813 0.979411 -0.140655 0.158044 0.0699309 0.151929 0.985914 -0.0198985
0.984705 0.14899 -0.0903188 0.212177 -0.160106 0.978257 -0.131828 0.158554 0.068714 0.144272 0.987149 -0.0239565
0.984619 0.166582 -0.052694 0.220405 -0.171713 0.978317 -0.115799 0.161142 0.0322613 0.123066 0.991874 -0.0273718
0.984689 0.169926 -0.0388949 0.227792 -0.173155 0.979209 -0.105673 0.158265 0.0201297 0.11079 0.99364 -0.0317457
0.984867 0.171829 -0.0226077 0.236272 -0.173211 0.980292 -0.0949985 0.161446 0.00583871 0.0974768 0.995221 -0.032262
0.985831 0.166891 -0.0168504 0.241291 -0.167707 0.982619 -0.079589 0.16959 0.00327484 0.0812873 0.996685 -0.0347465
0.987032 0.16052 0.00143616 0.237497 -0.160039 0.984696 -0.0690016 0.16361 -0.0124903 0.0678769 0.997616 -0.0333794
0.987128 0.158414 0.0219605 0.236883 -0.156533 0.985161 -0.0703893 0.166166 -0.0327853 0.0660458 0.997278 -0.0322792
0.986897 0.159171 0.0264475 0.238897 -0.157312 0.985622 -0.0616669 0.164727 -0.0358828 0.0566983 0.997746 -0.0430448
0.987274 0.157294 0.0234308 0.241761 -0.156217 0.986817 -0.0422769 0.167106 -0.0297718 0.0380786 0.998831 -0.0447586
0.987309 0.154959 0.0347681 0.252171 -0.153943 0.987617 -0.0302412 0.179608 -0.0390237 0.0245051 0.998938 -0.0436343
0.986559 0.159125 0.0371697 0.260706 -0.158067 0.986977 -0.0298616 0.178923 -0.0414373 0.023585 0.998863 -0.0407196
0.986556 0.159176 0.037029 0.261001 -0.158137 0.986977 -0.0294878 0.179949 -0.0412405 0.0232357 0.998879 -0.0436475
0.98683 0.158612 0.0317496 0.259942 -0.157944 0.987191 -0.0225534 0.175954 -0.0349201 0.0172417 0.999241 -0.0425123
0.98726 0.155176 0.03519 0.251865 -0.154661 0.987823 -0.0169285 0.169544 -0.0373884 0.0112703 0.999237 -0.0384008
0.988051 0.150829 0.03171 0.247131 -0.150385 0.988499 -0.0159711 0.166717 -0.0337542 0.0110116 0.99937 -0.0359318
0.98956 0.140444 0.0323414 0.245671 -0.139707 0.989902 -0.0240184 0.169601 -0.035388 0.0192494 0.999188 -0.0361902
0.990423 0.135323 0.0273849 0.252399 -0.13466 0.990583 -0.0247517 0.172476 -0.0304764 0.020827 0.999318 -0.0366692
0.991341 0.128596 0.0265848 0.256214 -0.127741 0.991301 -0.031694 0.179332 -0.0304293 0.0280236 0.999144 -0.0324327
0.992144 0.123047 0.0225787 0.255481 -0.122139 0.991787 -0.0379612 0.17752 -0.0270643 0.0349053 0.999024 -0.0326219
0.990542 0.133508 0.0316708 0.256684 -0.131522 0.989605 -0.0581665 0.171068 -0.0391073 0.0534509 0.997804 -0.0350569
0.989563 0.138386 0.0401854 0.253388 -0.13609 0.98916 -0.0551552 0.166093 -0.0473825 0.0491107 0.997669 -0.0464704
0.99013 0.135118 0.037213 0.247188 -0.134111 0.990561 -0.0283469 0.171903 -0.0406919 0.0230764 0.998905 -0.0496754
0.990306 0.13653 0.0255617 0.241836 -0.136352 0.990623 -0.00859697 0.178404 -0.0264958 0.00502825 0.999636 -0.0541686
0.989612 0.138613 0.0381304 0.244657 -0.138199 0.990315 -0.0132881 0.176341 -0.039603 0.00788048 0.999184 -0.0642926
0.987124 0.150468 0.0542806 0.24537 -0.149961 0.988602 -0.0133162 0.174472 -0.0556656 0.00500475 0.998437 -0.0762842
0.986968 0.15361 0.0479402 0.241976 -0.15347 0.988131 -0.00660627 0.171593 -0.048386 -0.000837222 0.998828 -0.0857936
0.987232 0.153398 0.0429303 0.237885 -0.153825 0.988075 0.00680447 0.175853 -0.0413745 -0.0133213 0.999055 -0.0874664
0.987735 0.151141 0.0392037 0.237323 -0.151716 0.98835 0.0121186 0.1792 -0.0369154 -0.0179178 0.999158 -0.0807956
0.986962 0.156741 0.0365915 0.239699 -0.157226 0.987504 0.0107643 0.179023 -0.0344471 -0.0163771 0.999272 -0.0826674
0.987953 0.151584 0.0311636 0.238599 -0.152173 0.9882 0.0174521 0.173743 -0.0281504 -0.0219841 0.999362 -0.0877054
0.988108 0.150153 0.0331285 0.239944 -0.151243 0.987935 0.0333077 0.173575 -0.0277276 -0.037922 0.998896 -0.0905277
0.988626 0.144841 0.0404985 0.237485 -0.146371 0.988509 0.0377693 0.175883 -0.0345626 -0.0432675 0.998465 -0.0865655
0.987869 0.149808 0.0408985 0.237346 -0.151177 0.987965 0.0327115 0.182439 -0.0355059 -0.0384976 0.998628 -0.0839179
0.988811 0.14411 0.0385422 0.235634 -0.144957 0.989233 0.0201487 0.183158 -0.0352235 -0.0255102 0.999054 -0.0783887
0.988992 0.143945 0.0342733 0.235602 -0.145061 0.988883 0.0326808 0.183666 -0.0291881 -0.0372928 0.998878 -0.0746236
0.990902 0.127048 0.0444084 0.236727 -0.128612 0.991101 0.0343259 0.185911 -0.0396521 -0.039725 0.998424 -0.073241
0.991315 0.120306 0.0531111 0.239198 -0.122445 0.991707 0.0390453 0.189472 -0.0479733 -0.0452094 0.997825 -0.0710815
0.991235 0.12416 0.0451345 0.245138 -0.126087 0.9911 0.0426987 0.189657 -0.0394313 -0.0480154 0.998068 -0.0632612
0.990589 0.130268 0.0419876 0.253305 -0.132152 0.990174 0.0457415 0.185239 -0.0356164 -0.0508598 0.998071 -0.0587003
0.989695 0.135534 0.0461947 0.253583 -0.138166 0.988616 0.0595682 0.183124 -0.0375953 -0.0653369 0.997155 -0.0569118
0.988918 0.139902 0.0496838 0.250331 -0.143207 0.987163 0.0707189 0.186536 -0.0391523 -0.0770503 0.996258 -0.0572411
0.988544 0.142271 0.0503946 0.248126 -0.146205 0.985539 0.0856563 0.189542 -0.0374794 -0.0920429 0.995049 -0.0537858
0.990147 0.132495 0.0453297 0.254321 -0.136153 0.986555 0.0903942 0.191656 -0.0327434 -0.0956753 0.994874 -0.0551042
0.990085 0.129056 0.0554647 0.261588 -0.133559 0.987207 0.0870867 0.194574 -0.0435161 -0.093631 0.994656 -0.0554288
0.986134 0.145243 0.0802744 0.265051 -0.153994 0.981186 0.116444 0.195436 -0.0618514 -0.127191 0.989948 -0.0589374
0.986408 0.144689 0.0778792 0.259854 -0.153937 0.979494 0.129979 0.19126 -0.0574757 -0.140201 0.988453 -0.0520446
0.986596 0.148485 0.0676761 0.251942 -0.156628 0.978043 0.137479 0.18997 -0.0457766 -0.146236 0.98819 -0.0453442
0.988366 0.146251 0.0417514 0.244025 -0.150881 0.977419 0.147943 0.188541 -0.0191717 -0.152522 0.988114 -0.03575
0.989854 0.139913 0.0247715 0.241668 -0.141971 0.980979 0.132377 0.191957 -0.00577909 -0.134551 0.99089 -0.0267024
0.989762 0.140688 0.0240283 0.242469 -0.142505 0.983473 0.111685 0.188037 -0.00791844 -0.113965 0.993453 -0.0267969
0.989577 0.142721 0.0192079 0.242133 -0.143721 0.987199 0.0691526 0.179805 -0.00909251 -0.0711924 0.997421 -0.0256379
0.988907 0.14832 0.0080089 0.238846 -0.148528 0.987974 0.042963 0.177642 -0.00154031 -0.043676 0.999045 -0.028703
0.989743 0.142703 0.00662693 0.232294 -0.142856 0.988832 0.042467 0.173406 -0.000492745 -0.0429781 0.999076 -0.0266662
0.990023 0.140349 0.0125465 0.227891 -0.140837 0.988431 0.0563007 0.170672 -0.00449957 -0.0575059 0.998335 -0.0242969
0.989661 0.143171 0.00853999 0.22418 -0.143425 0.988058 0.05631 0.162714 -0.000376036 -0.0569527 0.998377 -0.0225429
0.990487 0.137401 0.0075506 0.2227 -0.137558 0.990114 0.0274265 0.157197 -0.00370754 -0.0282042 0.999595 -0.0222363
0.991113 0.132573 0.0108928 0.226854 -0.13284 0.990704 0.0293099 0.156561 -0.00690585 -0.0304964 0.999511 -0.0236846
0.991992 0.125399 0.0150545 0.227876 -0.126013 0.990711 0.0511117 0.158891 -0.00850532 -0.0525994 0.998579 -0.0263037
0.992995 0.117576 0.011672 0.22203 -0.11801 0.991815 0.0487577 0.161177 -0.00584369 -0.0497936 0.998742 -0.0233625
0.993463 0.113969 0.00655091 0.222973 -0.114155 0.992187 0.0503335 0.16047 -0.000763266 -0.0507523 0.998711 -0.0180879
0.993024 0.117632 0.00807203 0.225304 -0.117896 0.99159 0.0533885 0.158852 -0.00172393 -0.0539677 0.998541 -0.0174216
0.992249 0.123649 0.0123644 0.230984 -0.124049 0.991474 0.0398876 0.153019 -0.00732689 -0.0411122 0.999128 -0.0242633
0.991699 0.127392 0.0174439 0.238728 -0.127685 0.991671 0.0168751 0.151888 -0.0151489 -0.0189624 0.999705 -0.0293396
0.991976 0.124468 0.0221769 0.239667 -0.124904 0.991977 0.0194864 0.151144 -0.0195736 -0.0221 0.999564 -0.0305918
0.992243 0.121658 0.0255516 0.237711 -0.122329 0.992134 0.0265838 0.157695 -0.0221165 -0.0295033 0.99932 -0.0315342
0.992156 0.120674 0.0326225 0.24339 -0.121566 0.99222 0.0268707 0.162375 -0.0291261 -0.0306257 0.999106 -0.0341474
0.992359 0.116263 0.0413119 0.246798 -0.117218 0.992873 0.0214996 0.162119 -0.0385179 -0.0261778 0.998915 -0.0331791
0.992794 0.113018 0.0398243 0.243557 -0.114011 0.993199 0.0236057 0.166763 -0.0368856 -0.0279761 0.998928 -0.033286
0.993986 0.0975595 0.0497414 0.243846 -0.0995492 0.994259 0.0392239 0.177783 -0.0456292 -0.0439397 0.997992 -0.0350185
0.99396 0.0876898 0.0659883 0.25132 -0.0913746 0.994293 0.055059 0.175017 -0.0607837 -0.0607561 0.9963 -0.0403689
0.991669 0.101891 0.0788091 0.26458 -0.10667 0.992542 0.0590043 0.1791 -0.0722094 -0.0669193 0.995142 -0.0469499
0.990181 0.109854 0.0864527 0.269946 -0.114459 0.992157 0.0502329 0.184208 -0.0802564 -0.0596349 0.994989 -0.0473869
0.987057 0.132584 0.0902224 0.280566 -0.138493 0.988375 0.0627187 0.192874 -0.0808582 -0.0744022 0.993945 -0.0438471
0.984993 0.142221 0.0977806 0.29543 -0.146903 0.98824 0.0424449 0.197916 -0.0905941 -0.0561723 0.994302 -0.0444987
0.982519 0.148035 0.11288 0.308789 -0.152275 0.987887 0.029863 0.21556 -0.107092 -0.0465297 0.99316 -0.0432828
0.982004 0.149032 0.116008 0.322875 -0.155713 0.986496 0.0507858 0.229606 -0.106873 -0.0679358 0.991949 -0.0503396
0.982456 0.147972 0.113511 0.346648 -0.153288 0.987389 0.0395822 0.239631 -0.106222 -0.0562876 0.992748 -0.0495721
0.984318 0.145474 0.0997748 0.371454 -0.149004 0.988416 0.0288419 0.256387 -0.0944232 -0.0432564 0.994592 -0.0480619
0.988363 0.123225 0.0891846 0.395827 -0.124998 0.99205 0.0145566 0.265835 -0.0866819 -0.0255351 0.995909 -0.0449838
0.989043 0.113868 0.0939593 0.424214 -0.113805 0.993485 -0.00604928 0.272628 -0.0940359 -0.00471003 0.995558 -0.0428242
0.98655 0.131941 0.0964942 0.453744 -0.13298 0.991109 0.00438905 0.288395 -0.0950572 -0.0171618 0.995324 -0.0466851
0.989305 0.11323 0.0919475 0.485702 -0.114779 0.993322 0.0117147 0.30135 -0.090007 -0.022143 0.995695 -0.0526549
0.988216 0.128342 0.0834177 0.520425 -0.131291 0.990863 0.0308724 0.308798 -0.0786933 -0.0414606 0.996036 -0.0610127
0.985951 0.14821 0.0770398 0.566723 -0.150484 0.988307 0.0245667 0.326905 -0.0724979 -0.0358147 0.996725 -0.0683007
0.981042 0.177144 0.0785874 0.615849 -0.180458 0.982878 0.0372308 0.344253 -0.0706466 -0.0507067 0.996212 -0.075382
0.981487 0.17926 0.0674449 0.663 -0.182858 0.981786 0.0515693 0.362907 -0.0569722 -0.0629474 0.996389 -0.0825168
0.981908 0.178492 0.0632301 0.707631 -0.181954 0.981823 0.0539988 0.384191 -0.0524424 -0.0645268 0.996537 -0.0825532
0.982056 0.181031 0.0528632 0.758074 -0.184131 0.980992 0.0612432 0.398696 -0.0407715 -0.069878 0.996722 -0.0861534
0.981965 0.174908 0.0717702 0.816606 -0.178836 0.982478 0.0524931 0.412075 -0.0613311 -0.0643816 0.996039 -0.0930116
0.982998 0.160267 0.0896069 0.8699 -0.165847 0.984403 0.058703 0.42528 -0.0788011 -0.072566 0.994246 -0.098627
0.985813 0.144085 0.0860926 0.914381 -0.149692 0.986746 0.0626519 0.435041 -0.0759243 -0.0746505 0.994315 -0.104094
0.982832 0.160476 0.0910395 0.964041 -0.167018 0.983506 0.0694378 0.453352 -0.0783948 -0.0834509 0.993423 -0.113976
0.980051 0.168359 0.105615 1.01954 -0.174769 0.983093 0.054625 0.460426 -0.0946328 -0.0719935 0.992906 -0.121261
0.972634 0.199586 0.118946 1.08462 -0.205829 0.97766 0.0426162 0.45889 -0.107783 -0.0659326 0.991986 -0.121161
0.966449 0.230181 0.113988 1.15287 -0.230249 0.973048 -0.0127519 0.457691 -0.113852 -0.0139217 0.9934 -0.111669
0.962264 0.249079 0.109576 1.21775 -0.241557 0.967289 -0.0774704 0.454475 -0.125288 0.0480781 0.990955 -0.102216
0.95023 0.277845 0.140941 1.27998 -0.266829 0.959324 -0.0921961 0.475342 -0.160825 0.0500003 0.985716 -0.0884397
0.947042 0.284126 0.14961 1.34644 -0.278297 0.958681 -0.0590049 0.486868 -0.160193 0.0142444 0.986983 -0.0934911
0.948794 0.273404 0.158244 1.41575 -0.272292 0.961775 -0.0290944 0.506588 -0.160149 -0.0154839 0.986971 -0.107396
0.949686 0.271231 0.156622 1.48105 -0.277428 0.960563 0.0187432 0.514498 -0.145361 -0.0612514 0.987481 -0.120651
0.948797 0.274857 0.155685 1.55057 -0.286492 0.956352 0.0575694 0.524912 -0.133066 -0.0992241 0.986128 -0.124217
0.952573 0.279037 0.121418 1.62064 -0.288813 0.954687 0.0718328 0.526223 -0.0958722 -0.103493 0.989999 -0.123613
0.955962 0.278143 0.0936676 1.70129 -0.283231 0.957947 0.0460285 0.521914 -0.0769261 -0.070531 0.994539 -0.120765
0.957098 0.280029 0.0744725 1.77765 -0.283738 0.957853 0.044828 0.524125 -0.0587806 -0.0640355 0.996215 -0.119566
0.957875 0.278631 0.0695698 1.85824 -0.282351 0.957961 0.0508737 0.53865 -0.0524701 -0.0683738 0.996279 -0.13363
0.961786 0.260743 0.0835529 1.93531 -0.266281 0.961785 0.0637497 0.559369 -0.0637376 -0.0835621 0.994462 -0.152015
0.965897 0.246475 0.0793307 2.00997 -0.252666 0.964181 0.0807158 0.572061 -0.0565947 -0.0980074 0.993575 -0.171112
0.96255 0.258968 0.0802125 2.09021 -0.263588 0.963151 0.0534955 0.584751 -0.0634031 -0.0726351 0.995341 -0.179078
0.956868 0.277432 0.0862301 2.17624 -0.279876 0.959878 0.0174403 0.592365 -0.0779319 -0.0408218 0.996123 -0.175499
0.957393 0.279983 0.0707696 2.24963 -0.279636 0.959989 -0.0149609 0.598285 -0.0721268 -0.00546629 0.99738 -0.169475
0.957985 0.279986 0.0622341 2.32336 -0.277723 0.959716 -0.0426089 0.598739 -0.0716569 0.0235348 0.997152 -0.16684
0.958693 0.274981 0.072759 2.40389 -0.272766 0.96129 -0.0389952 0.600834 -0.0806654 0.0175382 0.996587 -0.179223
0.961171 0.262642 0.0846788 2.48466 -0.261202 0.964882 -0.0278524 0.601093 -0.0890202 0.00465258 0.996019 -0.196383
0.961321 0.262964 0.0819309 2.55897 -0.264545 0.964333 0.00888294 0.611308 -0.0766727 -0.0302137 0.996598 -0.209725
0.964606 0.254242 0.0699704 2.62472 -0.257598 0.965254 0.043908 0.625004 -0.0563759 -0.0603781 0.996582 -0.213056
0.966323 0.254382 0.0388432 2.69298 -0.255726 0.966125 0.0347403 0.631935 -0.0286901 -0.0435036 0.998641 -0.213353
0.964918 0.257417 0.051668 2.77281 -0.258028 0.966122 0.005418 0.631059 -0.0485229 -0.0185597 0.99865 -0.214594
0.969735 0.239475 0.0476088 2.85797 -0.238169 0.970712 -0.031513 0.62481 -0.053761 0.0192203 0.998369 -0.21963
0.973227 0.22186 0.0600585 2.93756 -0.217649 0.973553 -0.0694441 0.622822 -0.0738771 0.0545132 0.995776 -0.219846
0.975366 0.214621 0.0509838 3.00777 -0.210987 0.975094 -0.0683807 0.618827 -0.0643899 0.0559393 0.996356 -0.223106
0.972576 0.227652 0.0476447 3.07826 -0.225605 0.973191 -0.044733 0.629795 -0.0565509 0.0327574 0.997862 -0.229813
0.971743 0.231213 0.0474927 3.15068 -0.229744 0.972642 -0.0344249 0.645903 -0.0541529 0.022541 0.998278 -0.238604
0.970471 0.235263 0.0532704 3.2275 -0.234964 0.971931 -0.0119 0.657792 -0.0545748 -0.000968038 0.998509 -0.24893
0.971111 0.23317 0.050739 3.30359 -0.232729 0.972433 -0.0145062 0.666626 -0.0527227 0.00227868 0.998607 -0.242357
0.967714 0.245781 0.0558736 3.37194 -0.245705 0.969309 -0.00832905 0.669411 -0.0562059 -0.0056683 0.998403 -0.239732
0.966349 0.250141 0.0599895 3.43713 -0.248605 0.968078 -0.031948 0.665543 -0.066066 0.0159592 0.997688 -0.244167
0.962143 0.262163 0.0745042 3.50837 -0.260204 0.964917 -0.0350557 0.664506 -0.0810807 0.0143423 0.996604 -0.257565
0.96192 0.262132 0.0774401 3.57815 -0.263144 0.964752 0.00299053 0.668641 -0.0739266 -0.0232546 0.996993 -0.271019
0.964685 0.253701 0.0708417 3.64607 -0.255185 0.96681 0.0125891 0.672962 -0.0652966 -0.0302222 0.997408 -0.28438
0.965644 0.253447 0.0574103 3.71341 -0.254386 0.967056 0.00955554 0.672484 -0.0530971 -0.0238316 0.998305 -0.291193
0.968516 0.239715 0.0671864 3.78522 -0.239289 0.970841 -0.0144385 0.67082 -0.0686884 -0.00209307 0.997636 -0.289799
0.974444 0.217657 0.0555319 3.85951 -0.216721 0.975976 -0.022427 0.661389 -0.0590792 0.00981893 0.998205 -0.28598
0.97247 0.223224 0.0668827 3.93316 -0.222225 0.974744 -0.022123 0.661459 -0.0701319 0.0066509 0.997516 -0.289683
0.971999 0.222433 0.0757741 4.00253 -0.221119 0.974915 -0.0254265 0.668549 -0.079529 0.00795943 0.996801 -0.298775
0.975465 0.209099 0.0688812 4.07122 -0.207176 0.977711 -0.0340545 0.676439 -0.0744667 0.0189484 0.997043 -0.311556
0.975049 0.2082 0.0770245 4.14394 -0.206529 0.978006 -0.0291469 0.689467 -0.0813988 0.0125118 0.996603 -0.318295
0.974761 0.210339 0.0748285 4.21935 -0.208394 0.977488 -0.0330021 0.697086 -0.0800856 0.0165753 0.99665 -0.326152
0.970577 0.228961 0.0745448 4.29555 -0.225981 0.973029 -0.0463338 0.700787 -0.0831429 0.0281248 0.996141 -0.323347
0.963876 0.258615 0.0637312 4.37179 -0.255115 0.965161 -0.0581434 0.693832 -0.0765476 0.0397843 0.996272 -0.324085
0.96345 0.256258 0.0780786 4.44473 -0.252206 0.965926 -0.0581312 0.693904 -0.0903147 0.0363146 0.995251 -0.327218
0.964206 0.246968 0.0965082 4.52385 -0.244023 0.968885 -0.0413965 0.702349 -0.103729 0.0163645 0.994471 -0.334466
0.96587 0.244543 0.0854041 4.59541 -0.242708 0.969591 -0.0314068 0.712607 -0.0904873 0.00960662 0.995851 -0.339623
0.965246 0.253766 0.0624708 4.66517 -0.25334 0.967264 -0.0147816 0.710857 -0.0641769 -0.00155844 0.997937 -0.35024
0.96489 0.257333 0.0525939 4.73904 -0.257095 0.966319 -0.0113645 0.71115 -0.053747 -0.00255613 0.998551 -0.360574
0.969713 0.23517 0.0659658 4.81656 -0.233837 0.971891 -0.0273699 0.710689 -0.0705481 0.0111157 0.997446 -0.361475
0.970519 0.230809 0.0694226 4.89312 -0.230182 0.972999 -0.0170164 0.702938 -0.0714757 0.000534908 0.997442 -0.358625
0.975393 0.211218 0.0632157 4.97463 -0.210197 0.977401 -0.022467 0.700805 -0.0665325 0.00862635 0.997747 -0.351725
0.976559 0.202906 0.0718512 5.0543 -0.202304 0.979198 -0.0156415 0.701245 -0.0735303 0.000739115 0.997293 -0.358265
0.976118 0.20377 0.0753019 5.12746 -0.203206 0.979019 -0.0151609 0.701723 -0.0768113 -0.000502986 0.997046 -0.376893
0.975841 0.207794 0.0675059 5.20573 -0.2073 0.978173 -0.0143187 0.701393 -0.0690077 -2.12008e-05 0.997616 -0.393269
0.97422 0.213193 0.0737906 5.29336 -0.213787 0.97688 0.000151429 0.698447 -0.0720523 -0.015923 0.997274 -0.403106
0.96989 0.233362 0.0696792 5.37435 -0.231726 0.972293 -0.0308246 0.694723 -0.0749418 0.01375 0.997093 -0.393726
0.963479 0.262138 0.0546938 5.45825 -0.260326 0.964769 -0.0381006 0.687959 -0.0627545 0.0224709 0.997776 -0.385606
0.961077 0.272315 0.0466346 5.5384 -0.27161 0.962179 -0.0209631 0.685065 -0.0505794 0.00748078 0.998692 -0.380305
0.964097 0.259365 0.0569844 5.61629 -0.258675 0.965772 -0.0193071 0.684571 -0.0600415 0.00387345 0.998188 -0.391423
0.964805 0.253756 0.0689881 5.69199 -0.252915 0.967265 -0.0208098 0.681883 -0.0720104 0.00262929 0.9974 -0.41776
0.966018 0.249475 0.0676183 5.77065 -0.250007 0.968244 -0.000605531 0.68165 -0.065622 -0.0163201 0.997711 -0.435102
0.971429 0.229836 0.0591704 5.85923 -0.231198 0.972754 0.0172105 0.675751 -0.0536027 -0.0303989 0.9981 -0.437209
0.975188 0.215436 0.0509439 5.93915 -0.215813 0.976433 0.00195472 0.669381 -0.0493222 -0.0129006 0.9987 -0.429009
0.975135 0.213778 0.0584091 6.0183 -0.213398 0.976882 -0.0127391 0.660122 -0.0597822 -4.20274e-05 0.998211 -0.429566
0.976592 0.209801 0.0474416 6.0913 -0.209506 0.977744 -0.0111658 0.657907 -0.0487284 0.000965115 0.998812 -0.442435
0.978751 0.196199 0.0596057 6.16735 -0.195038 0.980483 -0.0247686 0.657305 -0.0633019 0.012617 0.997915 -0.456435
0.980296 0.188323 0.0596213 6.25301 -0.18763 0.982091 -0.0170675 0.657749 -0.0617678 0.00554447 0.998075 -0.464393
0.98032 0.185585 0.0673154 6.34033 -0.18533 0.982625 -0.0100694 0.6629 -0.0680145 -0.00260433 0.997681 -0.471612
0.977168 0.197662 0.0779304 6.42501 -0.196718 0.980262 -0.0196931 0.66696 -0.0802848 0.00391318 0.996764 -0.473436
0.975302 0.210701 0.0662721 6.50549 -0.208816 0.977354 -0.0342732 0.665996 -0.0719927 0.0195881 0.997213 -0.473695
0.969622 0.235034 0.0677659 6.57727 -0.232476 0.971627 -0.0435473 0.658083 -0.0760782 0.0264705 0.99675 -0.476636
0.96877 0.236716 0.0738302 6.6536 -0.23293 0.970858 -0.0563762 0.645052 -0.0850239 0.0374182 0.995676 -0.49065
0.970772 0.225599 0.0818897 6.72966 -0.221269 0.973445 -0.0586922 0.640506 -0.092956 0.0388571 0.994912 -0.504886
0.972018 0.222679 0.0747954 6.80678 -0.220476 0.974704 -0.0366256 0.636106 -0.0810592 0.0191101 0.996526 -0.517111
0.974419 0.214325 0.067623 6.8877 -0.212194 0.976514 -0.0373471 0.630488 -0.0740392 0.0220425 0.997012 -0.518022
0.974514 0.218829 0.0493545 6.97162 -0.21643 0.975033 -0.049681 0.62444 -0.0589939 0.0377331 0.997545 -0.513173
0.970253 0.237019 0.0493136 7.05005 -0.234255 0.970568 -0.0558844 0.614669 -0.0611078 0.04267 0.997219 -0.514472
0.970673 0.236578 0.0427096 7.12909 -0.233157 0.96973 -0.0725337 0.603773 -0.0585767 0.0604484 0.996451 -0.521966
0.970767 0.234234 0.052391 7.21079 -0.229428 0.969678 -0.0841911 0.594944 -0.0705228 0.06971 0.995071 -0.53636
0.971486 0.229869 0.0580932 7.29476 -0.224078 0.970231 -0.0918788 0.598289 -0.0774839 0.0762416 0.994074 -0.553577
0.969682 0.235928 0.0636737 7.38078 -0.231187 0.970108 -0.0737726 0.605366 -0.0791754 0.0568154 0.99524 -0.562495
0.966923 0.247569 0.0613905 7.46383 -0.245224 0.968499 -0.0432893 0.608276 -0.0701737 0.026803 0.997175 -0.558492
0.965188 0.254851 0.0588459 7.54672 -0.252828 0.966696 -0.0397187 0.603977 -0.0670084 0.0234582 0.997477 -0.550197
0.961056 0.27017 0.0581431 7.62252 -0.266505 0.961727 -0.0636852 0.595669 -0.0731236 0.0457095 0.996275 -0.546021
0.957452 0.283072 0.0561797 7.70081 -0.279008 0.957697 -0.0705019 0.581583 -0.0737603 0.0518276 0.995928 -0.561271
0.958102 0.279113 0.0643106 7.78346 -0.276017 0.95969 -0.0530043 0.576381 -0.0765124 0.0330327 0.996521 -0.578278
0.961738 0.266966 0.0615541 7.85852 -0.266017 0.963687 -0.0232798 0.578979 -0.0655338 0.00601458 0.997832 -0.595193
0.964829 0.259191 0.0438635 7.93524 -0.259336 0.965784 -0.00245879 0.576599 -0.043 -0.00900306 0.999035 -0.597601
0.962878 0.266073 0.0455085 8.01994 -0.266443 0.963848 0.00213888 0.57087 -0.0432942 -0.0141849 0.998962 -0.594203
0.966594 0.252165 0.0459273 8.11146 -0.251784 0.967682 -0.0140008 0.56599 -0.0479735 0.00196939 0.998847 -0.589217
0.967925 0.24055 0.0725082 8.20061 -0.239327 0.970611 -0.0252449 0.561626 -0.0764499 0.00708205 0.997048 -0.597909
0.966772 0.23696 0.0959254 8.28851 -0.23491 0.971481 -0.0322859 0.558465 -0.10084 0.00867926 0.994865 -0.617985
0.966158 0.242153 0.0888851 8.36119 -0.239392 0.970071 -0.0406679 0.555723 -0.0960727 0.0180132 0.995211 -0.633805
0.964138 0.254245 0.0761423 8.43816 -0.252305 0.967041 -0.0342515 0.552499 -0.0823411 0.0138121 0.996508 -0.635289
0.960645 0.268257 0.0721132 8.52363 -0.266924 0.963319 -0.0277061 0.54833 -0.0769004 0.00736697 0.997012 -0.634992
0.957951 0.280023 0.0625828 8.60209 -0.27793 0.959762 -0.0401458 0.541041 -0.0713063 0.0210641 0.997232 -0.629744
0.95179 0.298353 0.0712809 8.68484 -0.295917 0.954253 -0.0428385 0.539284 -0.080801 0.01968 0.996536 -0.632943
0.953615 0.284943 0.09709 8.76064 -0.283333 0.958544 -0.0302787 0.532645 -0.101693 0.0013654 0.994815 -0.644138
0.953781 0.27926 0.110979 8.83467 -0.278615 0.96016 -0.0215935 0.544649 -0.112588 -0.0103249 0.993588 -0.661727
0.954464 0.279343 0.104716 8.90199 -0.27953 0.960046 -0.0131897 0.556255 -0.104216 -0.0166821 0.994415 -0.672183
0.957925 0.278437 0.0696679 8.98435 -0.279233 0.960222 0.00177149 0.554735 -0.0664034 -0.0211505 0.997569 -0.674287
0.95732 0.283626 0.0556273 9.07544 -0.284499 0.958641 0.0082759 0.536273 -0.0509794 -0.0237486 0.998417 -0.666853
0.958682 0.277987 0.0604325 9.16311 -0.276758 0.960532 -0.0280002 0.517922 -0.065831 0.0101181 0.997779 -0.663388
0.95772 0.281012 0.061682 9.24482 -0.27893 0.959466 -0.0402852 0.510232 -0.0705024 0.021377 0.997283 -0.667572
0.959254 0.276167 0.0596927 9.32608 -0.272971 0.960362 -0.0564936 0.511165 -0.0729283 0.0378974 0.996617 -0.680044
0.95976 0.275821 0.0527596 9.4092 -0.273106 0.960507 -0.0532866 0.512481 -0.0653735 0.0367333 0.997185 -0.69557
0.957725 0.282343 0.0551772 9.49488 -0.279546 0.958652 -0.0532876 0.510331 -0.0679411 0.0356103 0.997054 -0.714727
0.95738 0.284741 0.0484424 9.57656 -0.281996 0.957754 -0.0564383 0.507291 -0.0624662 0.0403724 0.99723 -0.725708
0.951403 0.302333 0.0585393 9.66435 -0.29839 0.952057 -0.0674622 0.509036 -0.0761288 0.0467162 0.996003 -0.718665
0.94922 0.312724 0.0344328 9.74715 -0.309745 0.948096 -0.0719102 0.502991 -0.0551336 0.0575932 0.996817 -0.723301
0.951166 0.306766 0.0343208 9.82822 -0.303105 0.949232 -0.0841772 0.50256 -0.0584011 0.0696636 0.99586 -0.731473
0.955145 0.291261 0.0535255 9.91639 -0.286586 0.954648 -0.0807194 0.496293 -0.0746084 0.061759 0.995299 -0.744094
0.960047 0.274901 0.0523363 10.0036 -0.271238 0.960132 -0.0676486 0.496222 -0.0688464 0.0507502 0.996336 -0.756602
0.961618 0.27089 0.0437068 10.0827 -0.269203 0.962217 -0.0408395 0.500623 -0.0531184 0.027506 0.998209 -0.768169
0.96184 0.272743 0.021784 10.1575 -0.272445 0.962043 -0.0156904 0.501226 -0.0252366 0.00915675 0.99964 -0.769227
0.962492 0.270559 0.0201545 10.2416 -0.270471 0.962702 -0.00703659 0.493328 -0.0213066 0.00132144 0.999772 -0.764636
0.967192 0.253061 0.0223342 10.3332 -0.252913 0.967444 -0.00929943 0.4866 -0.0239604 0.00334574 0.999707 -0.764919
0.969662 0.243542 0.0210667 10.4281 -0.243226 0.96983 -0.0164645 0.482944 -0.0244409 0.010841 0.999642 -0.76882
0.969501 0.244993 0.00674563 10.5206 -0.244845 0.969402 -0.0176511 0.479733 -0.0108636 0.0154611 0.999821 -0.778502
0.968478 0.249012 0.00657313 10.6089 -0.248801 0.968272 -0.0233962 0.479859 -0.0121905 0.0210233 0.999705 -0.793039
0.969651 0.243864 0.0175337 10.6902 -0.243455 0.969649 -0.0225928 0.480902 -0.0225111 0.0176385 0.999591 -0.806029
0.965624 0.258239 0.029723 10.7688 -0.258228 0.966074 -0.00427523 0.474114 -0.0298187 -0.00354706 0.999549 -0.815598
0.961741 0.271566 0.0361378 10.8568 -0.270927 0.962357 -0.0216211 0.471562 -0.040649 0.0110032 0.999113 -0.814938
0.957091 0.288101 0.0312114 10.9517 -0.28753 0.957529 -0.0215591 0.470696 -0.036097 0.0116598 0.99928 -0.814326
0.957482 0.287189 0.0274047 11.0353 -0.286151 0.957494 -0.0363866 0.475221 -0.0366897 0.0269976 0.998962 -0.811289
0.959728 0.277026 0.0466685 11.12 -0.275179 0.960461 -0.0423188 0.472312 -0.0565467 0.0277723 0.998014 -0.821824
0.961163 0.270378 0.0553381 11.2047 -0.268776 0.962576 -0.0347316 0.465493 -0.0626578 0.0185092 0.997863 -0.838683
0.960534 0.273324 0.0516535 11.2914 -0.27254 0.961898 -0.0217978 0.45213 -0.0556433 0.00685986 0.998427 -0.857197
0.95954 0.279318 0.0355671 11.3735 -0.279421 0.960166 -0.00213502 0.441619 -0.0347467 -0.00788954 0.999365 -0.868025
0.964361 0.262755 0.0310997 11.4535 -0.263243 0.964646 0.0127176 0.438931 -0.0266586 -0.0204512 0.999435 -0.870653
0.971189 0.236684 0.0277911 11.5393 -0.236801 0.971558 0.000942007 0.433359 -0.0267777 -0.00749583 0.999613 -0.870649
0.973905 0.224794 0.0312576 11.6302 -0.223851 0.97413 -0.0309993 0.427048 -0.0374174 0.0231933 0.999031 -0.863477
0.973664 0.226035 0.0297676 11.7175 -0.225584 0.974062 -0.0177791 0.420616 -0.0330142 0.0105958 0.999399 -0.867157
0.975376 0.218719 0.0283597 11.8007 -0.218623 0.975788 -0.00647672 0.414443 -0.0290897 0.000117141 0.999577 -0.882406
0.976547 0.210255 0.046355 11.8776 -0.210168 0.977642 -0.00679504 0.409568 -0.0467473 -0.00310666 0.998902 -0.902058
0.977478 0.205536 0.0478753 11.9528 -0.205874 0.978576 0.0021834 0.407625 -0.0464009 -0.0119905 0.998851 -0.915443
0.975785 0.212101 0.0534541 12.0331 -0.211911 0.977245 -0.00925257 0.405038 -0.0542002 -0.00229901 0.998527 -0.915842
0.977232 0.209836 0.0313955 12.1151 -0.209864 0.977728 -0.00241888 0.40199 -0.0312038 -0.00422499 0.999504 -0.90112
0.978425 0.204852 0.0268559 12.2012 -0.204736 0.978792 -0.007011 0.396048 -0.0277226 0.00136135 0.999615 -0.894808
0.982104 0.186915 0.0231409 12.2876 -0.187027 0.982351 0.00278827 0.397264 -0.0222113 -0.00706636 0.999728 -0.901073
0.984386 0.17469 0.0216366 12.3741 -0.175073 0.984404 0.0172644 0.397561 -0.0182832 -0.0207828 0.999617 -0.918556
0.98433 0.176235 0.00592438 12.457 -0.176314 0.984168 0.0180635 0.38925 -0.00264717 -0.018825 0.999819 -0.92984
0.98461 0.174756 0.00159336 12.5443 -0.17476 0.984491 0.0153708 0.37371 0.00111751 -0.0154127 0.999881 -0.935316
0.987263 0.156147 0.0304959 12.635 -0.156974 0.987236 0.0269011 0.364271 -0.0259061 -0.0313456 0.999173 -0.93304
0.992087 0.117893 0.043191 12.7238 -0.118858 0.9927 0.0204955 0.361967 -0.0404594 -0.0254669 0.998857 -0.92758
0.993386 0.108537 0.0374606 12.8083 -0.108822 0.994045 0.00565029 0.35896 -0.0366243 -0.00968944 0.999282 -0.942676
0.991761 0.119814 0.0453259 12.8944 -0.119779 0.992794 -0.00348386 0.358475 -0.0454167 -0.00197394 0.998966 -0.962995
0.991729 0.121758 0.0405999 12.9799 -0.121732 0.992558 -0.00313107 0.352649 -0.040679 -0.00183712 0.999171 -0.979163
0.987714 0.152611 0.0336346 13.0657 -0.152792 0.988254 0.00286652 0.331134 -0.032802 -0.00797039 0.99943 -0.989261
0.982176 0.187277 0.0160487 13.1554 -0.186352 0.981356 -0.0470384 0.30631 -0.0245587 0.0432093 0.998764 -0.983399
0.977153 0.21253 0.00153536 13.2461 -0.211946 0.974956 -0.0673831 0.283396 -0.0158178 0.0655182 0.997726 -0.969235
0.976249 0.216643 0.00203456 13.3333 -0.216077 0.974297 -0.0636849 0.282396 -0.0157791 0.0617327 0.997968 -0.962081
0.978809 0.203055 0.0265045 13.4169 -0.201702 0.978346 -0.0464317 0.29785 -0.0353588 0.0401018 0.99857 -0.976848
0.978958 0.200745 0.0366302 13.5059 -0.19979 0.979434 -0.0281474 0.302562 -0.0415273 0.0202368 0.998932 -1.00778
0.976479 0.215177 0.0137211 13.5958 -0.214684 0.976201 -0.0307115 0.294063 -0.0200029 0.0270435 0.999434 -1.02481
0.97736 0.211581 -0.00096202 13.6752 -0.211528 0.976993 -0.0271972 0.278494 -0.00481452 0.026785 0.99963 -1.02784
0.979107 0.202166 0.0218548 13.7595 -0.20175 0.979236 -0.0198356 0.255034 -0.025411 0.0150119 0.999564 -1.02059
0.980423 0.190981 0.0479174 13.8539 -0.189035 0.981057 -0.0423365 0.23519 -0.0550952 0.0324496 0.997954 -1.01098
0.980944 0.188864 0.0456066 13.9435 -0.187553 0.981749 -0.0315205 0.230507 -0.0507273 0.0223661 0.998462 -1.01039
0.985574 0.163722 0.0428844 14.0268 -0.163805 0.986492 -0.00160845 0.236356 -0.0425684 -0.00543941 0.999079 -1.02937
0.987445 0.14941 0.0512785 14.1152 -0.150096 0.988623 0.0097731 0.236951 -0.0492349 -0.0173471 0.998637 -1.04819
0.985288 0.166018 0.0405563 14.2101 -0.1669 0.985783 0.0193782 0.229511 -0.0367626 -0.0258619 0.998989 -1.05152
0.983566 0.177614 0.0324266 14.3035 -0.178051 0.983958 0.0111078 0.2262 -0.0299336 -0.0166988 0.999412 -1.05424
0.984436 0.171633 0.0377795 14.3953 -0.171967 0.985086 0.00575287 0.219025 -0.0362287 -0.0121602 0.99927 -1.05657
0.984546 0.167861 0.0499281 14.4796 -0.167643 0.985811 -0.00853442 0.210277 -0.0506522 3.2415e-05 0.998716 -1.06032
